lastAccountName: Power_of_W97
timestamps:
  login: 1541560929143
  logout: 1541561534713
  lastteleport: 1541560982857
ipAddress: 104.162.166.125
logoutlocation:
  world: World
  x: 586.2467371231801
  y: 40.0
  z: -44.51949641747822
  yaw: -259.83307
  pitch: 24.086418
lastlocation:
  world: World_nether
  x: 166.0245136783896
  y: 73.0
  z: -13.133729972826648
  yaw: -55.369232
  pitch: -21.595287
