lastAccountName: momopiie
timestamps:
  login: 1541917384677
  logout: 1541917639085
  lastteleport: 1541133336795
ipAddress: 71.194.172.95
afk: false
logoutlocation:
  world: World
  x: 634.9418212810997
  y: 95.73058712025382
  z: 22.283269697005466
  yaw: -205.54031
  pitch: 43.648445
lastlocation:
  world: World
  x: 739.1254865340974
  y: 64.0
  z: -42.320649776793964
  yaw: -255.45055
  pitch: -1.3499818
