lastAccountName: xXxX_Will_XxXx
timestamps:
  login: 1542789605297
  logout: 1542789613713
ipAddress: 213.106.110.21
logoutlocation:
  world: World
  x: 745.5094568215637
  y: 89.01033232955774
  z: -51.596183457168884
  yaw: 60.300182
  pitch: 35.249977
