lastAccountName: jacobtheman69
timestamps:
  login: 1541128495629
  logout: 1541129156307
  lastteleport: 1541128546397
ipAddress: 73.73.33.24
logoutlocation:
  world: World
  x: 764.0755467656478
  y: 38.200000047683716
  z: -95.68116617773265
  yaw: 132.23434
  pitch: 29.699837
lastlocation:
  world: World
  x: 740.2125296157421
  y: 66.33133472975669
  z: -121.35317729821882
  yaw: 95.84942
  pitch: 64.35042
